1 0.7383789999999999 0.08465933333333334 0.04172033333333333 0.04682466666666667
1 0.8235026666666666 0.16071 0.03716833333333333 0.06052833333333334
1 0.6782716999999999 0.19058000000000003 0.02321003333333333 0.080547
1 0.801407 0.10191900000000001 0.027938099999999993 0.05767033333333334
1 0.8240716666666665 0.08242666666666668 0.025427099999999998 0.05313100000000001
1 0.8446146666666666 0.11098366666666666 0.035856 0.05494633333333335
1 0.8737453333333333 0.23677099999999998 0.044475333333333325 0.03699033333333333
1 0.7019816666666666 0.3066156666666667 0.029573166666666668 0.053246666666666664
1 0.8066493333333333 0.018539200000000002 0.038160999999999994 0.03707833333333333
1 0.7673056666666667 0.08760866666666667 0.0188143 0.037446
1 0.6729997333333333 0.301582 0.0125692 0.06350233333333334
1 0.8393956666666667 0.213301 0.035825333333333334 0.040402
1 0.8297006666666666 0.24870766666666666 0.026798466666666666 0.06638266666666667
1 0.8887769999999999 0.296635 0.05028899999999999 0.03985500000000001
1 0.7457583333333333 0.3173783333333333 0.025462699999999998 0.031910100000000004
1 0.6752870333333333 0.26216633333333333 0.017240766666666664 0.034877000000000005
1 0.8334769999999999 0.012268800000000002 0.03299893333333333 0.02446066666666667
1 0.6715751 0.11642233333333335 0.009772833333333333 0.05016666666666667
1 0.22588933333333333 0.370102 0.037774 0.058122999999999994
1 0.03780466666666666 0.3474814 0.061345000000000004 0.028296099999999998
1 0.14746266666666666 0.5306 0.029735433333333332 0.075951
1 0.157192 0.39206766666666665 0.014702166666666667 0.038097
1 0.17571933333333334 0.37693366666666667 0.025728566666666664 0.046845
1 0.15588633333333332 0.483523 0.027228866666666667 0.03012046666666667
1 0.155106 0.453567 0.0227363 0.030528866666666668
2 0.26111433333333334 0.5090886666666666 0.029220466666666667 0.038253
1 0.067398 0.44761866666666666 0.034676 0.05910133333333333
1 0.17550299999999996 0.41075033333333333 0.023310599999999997 0.022628766666666664
1 0.07489933333333333 0.37615699999999996 0.033103933333333335 0.06593333333333333
1 0.2773593333333333 0.467577 0.019408799999999997 0.022733966666666664
1 0.13142133333333333 0.4849863333333333 0.019564366666666666 0.037853
1 0.14388833333333334 0.3463466333333333 0.023087633333333333 0.026026566666666667
1 0.23578899999999997 0.412618 0.012307766666666666 0.02421726666666667
1 0.123223 0.45951333333333333 0.03178076666666667 0.0316369
1 0.235338 0.4312026666666666 0.012916766666666666 0.010418799999999999
1 0.24641799999999997 0.42327166666666666 0.010703533333333334 0.013181300000000002
1 0.27001766666666666 0.44737 0.016465266666666662 0.016523133333333336
1 0.19113399999999997 0.4371716666666666 0.0158933 0.01797686666666667
1 0.256224 0.44222066666666665 0.012602333333333333 0.011915600000000002
1 0.2415093333333333 0.43878566666666663 0.009135099999999998 0.011258100000000002
1 0.3284236666666666 0.403645 0.0098196 0.043841000000000005
1 0.2850506666666667 0.3416012 0.028632099999999997 0.016535733333333334
1 0.11366433333333333 0.34391416666666663 0.020135266666666665 0.02116166666666667
1 0.05069566666666666 0.39809866666666666 0.0167765 0.025353566666666667
1 0.25955466666666666 0.46034966666666666 0.017244733333333335 0.0306267
1 0.20668499999999998 0.3869893333333333 0.024735866666666665 0.041682333333333335
1 0.26093099999999997 0.4637823333333333 0.015254033333333333 0.024153600000000004
1 0.3230043333333333 0.34060789999999996 0.020657966666666663 0.014549100000000002
1 0.22754566666666667 0.34189196666666666 0.026997266666666665 0.017117233333333332
1 0.263659 0.4641993333333333 0.0095286 0.0231315
1 0.18711033333333335 0.42325466666666667 0.0080506 0.014972033333333334
1 0.30083499999999996 0.3429122 0.017950166666666666 0.0191577
1 0.32601499999999994 0.34000386666666665 0.014636733333333334 0.013341066666666667
1 0.30227066666666663 0.34111963333333334 0.01686923333333333 0.015572599999999999
1 0.3288533333333333 0.33993436666666665 0.008959866666666667 0.013202033333333333
1 0.48295999999999994 0.4334773333333333 0.03126926666666666 0.04431566666666668
1 0.5672963333333333 0.42419566666666664 0.037926 0.033473333333333334
1 0.616095 0.3869086666666667 0.030399333333333334 0.048861666666666664
1 0.5765303333333334 0.606816 0.033625666666666665 0.05422133333333334
1 0.558518 0.4775333333333333 0.034175 0.04034766666666667
1 0.5384023333333332 0.5379149999999999 0.024418166666666664 0.035228
1 0.44845799999999997 0.38377833333333333 0.0170842 0.04214466666666667
1 0.498753 0.5291023333333333 0.013584166666666665 0.0272323
1 0.6470689999999999 0.3591282 0.038915 0.051589666666666666
1 0.567175 0.3697283333333333 0.035976666666666664 0.034960333333333336
1 0.6049393333333333 0.6586426666666667 0.021786099999999996 0.014736399999999998
1 0.6311826666666667 0.5592626666666667 0.02417016666666667 0.044715
1 0.6422653333333332 0.5112363333333333 0.033944999999999996 0.039336
1 0.5357346666666667 0.418906 0.019043333333333332 0.04258
1 0.61287 0.35658063333333334 0.03192203333333333 0.04649466666666667
1 0.6577409999999999 0.4561153333333333 0.017851233333333334 0.048342666666666666
1 0.655646 0.5814173333333333 0.022041566666666665 0.05367566666666667
1 0.3497590333333333 0.3412613666666666 0.015249966666666667 0.015856033333333335
1 0.5508299999999999 0.34564839999999997 0.041280000000000004 0.024630166666666665
1 0.6490606666666666 0.4000683333333333 0.03521166666666666 0.036153000000000005
1 0.47323133333333334 0.5501146666666666 0.051001 0.05214566666666666
1 0.576056 0.657635 0.0178686 0.016649933333333335
1 0.5085693333333333 0.42557866666666666 0.0293957 0.04420166666666667
1 0.6351306666666666 0.4789416666666667 0.027425899999999996 0.03487166666666667
1 0.5410666666666666 0.4413083333333333 0.0179304 0.017364233333333333
1 0.6540853333333333 0.5457983333333334 0.02516293333333333 0.03696566666666667
1 0.5621563333333333 0.6511693333333333 0.015637699999999997 0.028478633333333333
1 0.6039936666666665 0.460593 0.0257043 0.026576066666666665
1 0.531616 0.3630424333333333 0.011836866666666666 0.043534333333333335
1 0.6227723333333333 0.6627083333333333 0.0196808 0.006525733333333334
1 0.5545493333333333 0.6628213333333333 0.027542999999999998 0.006684666666666666
1 0.6618436666666666 0.4983186666666667 0.009645899999999999 0.07051466666666667
1 0.3399159666666666 0.40485666666666664 0.013084333333333333 0.044337999999999995
1 0.6078733333333333 0.4224283333333333 0.02856343333333333 0.03430133333333333
1 0.7529756666666666 0.41161366666666666 0.0322388 0.041338
1 0.7537079999999999 0.44306466666666666 0.022895033333333332 0.03201663333333333
1 0.764158 0.5310656666666667 0.020300000000000002 0.0277918
1 0.7463753333333333 0.5139573333333334 0.03162343333333333 0.05423966666666667
1 0.6954854666666667 0.35571626666666667 0.044213 0.044766
1 0.747576 0.3815373333333333 0.031552366666666665 0.04590866666666667
1 0.7529036666666666 0.5670196666666667 0.013673299999999998 0.031097733333333336
1 0.6777238333333333 0.4992496666666667 0.0221143 0.06416633333333334
1 0.7236026666666666 0.467699 0.052356333333333324 0.06056333333333333
1 0.7478353333333333 0.34358659999999996 0.026395366666666663 0.020490866666666666
1 0.6706041666666667 0.589032 0.007875 0.04398966666666667
1 0.6729141333333333 0.547536 0.0124681 0.032658933333333334
1 0.6712248333333333 0.35057666666666665 0.009116299999999999 0.03448666666666667
1 0.723671 0.3762783333333333 0.03150276666666666 0.046713333333333336
1 0.7406006666666667 0.5596536666666667 0.010549333333333332 0.019310433333333335
0 0.718615 0.407752 0.014849599999999998 0.019060566666666667
1 0.7250736666666666 0.34163466666666664 0.024593366666666665 0.01660266666666667
1 0.6747860333333333 0.38710066666666665 0.016197066666666666 0.05313233333333334
1 0.7322973333333334 0.5636113333333334 0.015688599999999997 0.024370600000000003
1 0.16124766666666665 0.9175396666666666 0.03467166666666666 0.08730200000000002
1 0.143424 0.9772783333333332 0.050969999999999994 0.044552
1 0.279429 0.9620496666666667 0.056507666666666664 0.045587666666666665
1 0.29203833333333334 0.9160109999999999 0.039928 0.05330633333333334
1 0.20777366666666666 0.9721329999999999 0.04425 0.05465333333333334
1 0.24491133333333334 0.9342553333333333 0.040794 0.07085
1 0.32888566666666663 0.782864 0.008895466666666666 0.021789633333333332
1 0.191006 0.947382 0.03425266666666666 0.04592533333333334
1 0.2461173333333333 0.986264 0.037898999999999995 0.0263165
2 0.18665733333333331 0.9246546666666666 0.0239394 0.038581333333333336
1 0.3276566666666666 0.807414 0.011118466666666667 0.019157800000000003
1 0.634381 0.6835168666666667 0.04148233333333333 0.03370033333333333
1 0.3869263333333333 0.8835686666666667 0.035826666666666666 0.074602
1 0.5592386666666667 0.7534926666666666 0.023273699999999998 0.038033333333333336
1 0.463572 0.9649026666666667 0.0316136 0.068149
1 0.43745399999999995 0.852776 0.024671299999999997 0.03497666666666667
1 0.455136 0.7932293333333333 0.025839 0.03594833333333333
1 0.6063503333333333 0.7523503333333332 0.03347033333333333 0.05252633333333334
1 0.37532566666666667 0.7646776666666666 0.03603 0.029679800000000003
1 0.41869466666666666 0.9292113333333333 0.025951966666666666 0.06899933333333333
1 0.4209593333333333 0.7574506666666666 0.0310123 0.028918366666666667
1 0.55871 0.6828746333333333 0.03667566666666666 0.032415933333333334
1 0.381905 0.8281853333333333 0.028396966666666665 0.02894036666666667
1 0.417286 0.8917306666666667 0.020877066666666666 0.04200966666666667
1 0.6039969999999999 0.6756131999999999 0.022656766666666665 0.017893033333333336
1 0.47534099999999996 0.8083589999999999 0.04052599999999999 0.035029000000000005
1 0.5761693333333333 0.7436396666666667 0.017354633333333334 0.02185566666666667
1 0.41355133333333327 0.8524603333333334 0.023225399999999993 0.024597
1 0.5251076666666666 0.772566 0.04384166666666667 0.048237
1 0.3396720333333333 0.8964233333333333 0.0125948 0.04689733333333334
1 0.45524566666666666 0.8305693333333333 0.024531066666666664 0.02581216666666667
1 0.613864 0.7036056666666666 0.0286569 0.019631366666666667
1 0.5906646666666666 0.6839309 0.012145266666666665 0.023697933333333334
2 0.376592 0.8142116666666667 0.013890399999999999 0.016159433333333334
0 0.412983 0.7729513333333333 0.017761766666666665 0.017356366666666668
1 0.3396035 0.9062283333333333 0.012277466666666667 0.030969433333333334
1 0.36159963333333334 0.7425203333333333 0.052920666666666664 0.039283
1 0.580418 0.7267433333333333 0.021544133333333337 0.027892899999999998
0 0.36930199999999996 0.7962643333333334 0.011127866666666665 0.014503733333333333
1 0.43143299999999996 0.8765443333333334 0.011631333333333334 0.03219523333333334
1 0.6364023333333333 0.15100533333333332 0.04823566666666667 0.112571
1 0.5341746666666667 0.20808833333333332 0.04515099999999999 0.054978
1 0.5839396666666666 0.17503333333333335 0.0332355 0.07937266666666667
1 0.5549566666666667 0.315513 0.033791 0.034453000000000004
1 0.3995703333333333 0.01592306666666667 0.019984066666666665 0.0318461
1 0.4827003333333333 0.15018466666666666 0.026570099999999996 0.042141666666666674
1 0.460331 0.12222233333333335 0.04644866666666666 0.027840466666666664
0 0.5583246666666666 0.108203 0.018247133333333332 0.0248044
1 0.549547 0.06358866666666667 0.022076733333333334 0.047126
1 0.43634433333333333 0.11597 0.02346613333333333 0.04539166666666667
1 0.4988336666666666 0.22462200000000002 0.024899466666666665 0.04250266666666667
1 0.36334093333333334 0.023355333333333336 0.05852433333333333 0.04671066666666667
1 0.5848623333333333 0.024300000000000002 0.02785303333333333 0.048600000000000004
1 0.6485903333333334 0.314377 0.035915666666666665 0.036278
1 0.49798866666666664 0.115275 0.013237733333333333 0.030722700000000006
1 0.4341963333333333 0.2009506666666667 0.046889333333333325 0.030411533333333334
1 0.42430199999999996 0.09837 0.018809133333333332 0.03188093333333333
1 0.5355956666666666 0.13057433333333335 0.02402633333333333 0.04063233333333333
1 0.5178783333333333 0.08626433333333333 0.025208066666666664 0.036817
1 0.44754299999999997 0.30009 0.022525466666666664 0.05221766666666667
1 0.5747066666666667 0.29767600000000005 0.064169 0.068775
1 0.5357506666666667 0.097935 0.022173066666666665 0.02694226666666667
1 0.6592616666666666 0.1884076666666667 0.014714299999999998 0.05848533333333334
1 0.5398556666666666 0.0270971 0.032838066666666665 0.0320358
1 0.5409403333333332 0.16222333333333333 0.02527713333333333 0.03096446666666667
1 0.39302166666666666 0.04384466666666667 0.02427266666666666 0.027963633333333335
1 0.5310726666666666 0.31465933333333335 0.01267903333333333 0.025433800000000003
1 0.580194 0.05762833333333334 0.025345066666666666 0.031638400000000004
1 0.458649 0.2642926666666667 0.036918 0.06161733333333333
1 0.6283976666666666 0.2242446666666667 0.041243 0.046638000000000006
1 0.5015546666666666 0.17188166666666668 0.0215629 0.042934
1 0.6306529999999999 0.09083000000000001 0.03818533333333333 0.04795733333333334
1 0.5655626666666667 0.190719 0.016459666666666664 0.033878
1 0.5168093333333333 0.151818 0.02319603333333333 0.033495666666666674
1 0.5491139999999999 0.2973826666666667 0.015439333333333331 0.023765433333333336
1 0.6581533333333334 0.252692 0.016896733333333334 0.024673133333333336
1 0.5874446666666666 0.12926033333333334 0.016386566666666665 0.025965400000000003
1 0.450943 0.05888666666666668 0.02182713333333333 0.023835700000000005
1 0.41554166666666664 0.045219333333333334 0.013001366666666665 0.022371699999999998
1 0.19455933333333333 0.30349766666666667 0.066352 0.05616733333333335
1 0.09408033333333332 0.30224733333333337 0.03625333333333333 0.060671
1 0.26553766666666667 0.08270966666666667 0.046014 0.041493666666666665
1 0.06532833333333334 0.24456966666666666 0.04558266666666667 0.07049233333333334
1 0.06894133333333333 0.11598866666666668 0.033887999999999995 0.06941533333333333
1 0.117517 0.21052666666666667 0.04670166666666667 0.042111666666666665
1 0.14418399999999998 0.02418976666666667 0.031181933333333328 0.04837966666666667
1 0.299106 0.12097133333333335 0.038223999999999994 0.02484756666666667
1 0.24648966666666666 0.057003 0.037799 0.03250836666666667
1 0.24243499999999998 0.10058700000000001 0.030435833333333332 0.05376566666666666
1 0.1635083333333333 0.16477566666666668 0.018383999999999998 0.041629
1 0.2103473333333333 0.03235496666666667 0.03736833333333333 0.040539
1 0.21683666666666665 0.21291933333333335 0.033916666666666664 0.068399
1 0.263551 0.12874066666666667 0.020035466666666665 0.042299333333333335
1 0.15183366666666664 0.1985916666666667 0.033127866666666665 0.03849866666666667
1 0.14296266666666665 0.2866043333333334 0.03100693333333333 0.04594566666666666
1 0.04383533333333334 0.293985 0.03850833333333333 0.028282533333333335
1 0.2225406666666667 0.11435466666666667 0.025756966666666666 0.03228926666666667
1 0.10473833333333334 0.15637333333333334 0.033626666666666666 0.06771133333333335
1 0.11886999999999998 0.2977806666666667 0.0231081 0.06145566666666668
1 0.22519099999999997 0.17309733333333333 0.06533833333333333 0.03767566666666667
1 0.203671 0.14741033333333334 0.02709046666666666 0.04102633333333334
1 0.14619166666666666 0.317325 0.028193399999999993 0.03065256666666667
0 0.17479033333333333 0.054832000000000006 0.012007666666666666 0.02274263333333333
1 0.16042833333333334 0.23122533333333334 0.0210453 0.04281933333333333
1 0.18866999999999998 0.2719473333333333 0.04999666666666667 0.027382366666666665
1 0.12347733333333331 0.2410896666666667 0.028468633333333333 0.02862366666666667
1 0.009692266666666666 0.1981996666666667 0.019380466666666665 0.012598666666666668
1 0.1817223333333333 0.2260916666666667 0.026404166666666666 0.06513866666666666
1 0.11598633333333334 0.095565 0.016939466666666667 0.03830566666666667
0 0.21137399999999998 0.05625800000000001 0.0099618 0.014023099999999998
1 0.014464399999999999 0.24960266666666667 0.028928799999999998 0.07269333333333333
1 0.32374099999999995 0.007259166666666668 0.019184366666666668 0.014518333333333336
