1 0.8630336666666666 0.16370600000000002 0.05112033333333333 0.08023966666666667
1 0.7800826666666666 0.1519066666666667 0.049404666666666666 0.056056666666666664
1 0.7093866666666666 0.19962100000000002 0.023176999999999996 0.03904566666666667
1 0.9462643333333333 0.102608 0.04855566666666666 0.04479666666666667
1 0.9045639999999999 0.14554 0.032352266666666664 0.06491766666666667
1 0.6757325 0.15797366666666668 0.0165201 0.04056
1 0.7929423333333333 0.20676766666666668 0.03564 0.035883
1 0.8494476666666666 0.2552743333333334 0.03998666666666666 0.029592133333333336
1 0.7905469999999999 0.25801700000000005 0.033709666666666666 0.05174466666666667
1 0.8499043333333333 0.3067286666666667 0.03770633333333333 0.040964
1 0.6745656333333333 0.10675733333333334 0.015733566666666664 0.038087
1 0.8232163333333333 0.2867363333333333 0.0195349 0.03250996666666667
1 0.8039396666666666 0.008613533333333333 0.047424 0.017108133333333334
1 0.8101959999999999 0.27468033333333336 0.03360266666666666 0.05669266666666667
1 0.6942446333333333 0.3180933333333334 0.03578566666666666 0.030418800000000003
1 0.8111056666666666 0.16238566666666668 0.0320856 0.061191666666666665
1 0.9274769999999999 0.152739 0.026548999999999996 0.055805
1 0.7601426666666666 0.2524016666666667 0.02915733333333333 0.052882666666666675
1 0.6947852666666666 0.2183173333333333 0.027120466666666666 0.034976
1 0.6868209333333333 0.150628 0.015216633333333332 0.030436433333333332
1 0.7943963333333333 0.11199033333333334 0.04437 0.055696999999999997
1 0.720594 0.26968366666666665 0.014325366666666667 0.0268381
1 0.8309306666666666 0.19673833333333338 0.03561866666666667 0.03194623333333334
1 0.8437516666666667 0.278818 0.02133473333333333 0.0230429
1 0.7535139999999999 0.18275933333333336 0.027583733333333332 0.04380333333333333
1 0.66851485 0.25323733333333337 0.0035604999999999994 0.04454733333333334
1 0.26021799999999995 0.35751906666666666 0.035261999999999995 0.048371333333333336
1 0.211332 0.36701633333333333 0.0261706 0.040036
1 0.24114633333333332 0.37240966666666664 0.022804033333333334 0.04276633333333333
1 0.124494 0.36833099999999996 0.0188721 0.04089333333333333
1 0.19074100000000002 0.46156766666666665 0.026136333333333334 0.027530700000000005
1 0.18097466666666662 0.498163 0.025237999999999997 0.06379433333333334
1 0.11524166666666666 0.41638533333333333 0.021482366666666662 0.03940433333333334
1 0.18765733333333331 0.43584999999999996 0.0194095 0.022284400000000003
1 0.19324433333333332 0.3814823333333333 0.012223533333333331 0.031525700000000004
1 0.30433666666666664 0.4527486666666667 0.019099699999999997 0.023989100000000003
2 0.28096233333333337 0.4988453333333333 0.02812486666666666 0.03830033333333333
1 0.29785033333333333 0.43140999999999996 0.014833566666666666 0.019921766666666667
1 0.2634933333333333 0.4133423333333333 0.013892366666666668 0.0119519
1 0.09569066666666666 0.3974623333333333 0.019237166666666663 0.020756633333333337
1 0.21022333333333332 0.39777566666666664 0.023048533333333333 0.023981766666666668
1 0.26504 0.395933 0.011477766666666665 0.020926766666666666
1 0.2762203333333333 0.4068286666666666 0.011991733333333332 0.013453633333333334
1 0.2910136666666666 0.4504763333333333 0.009450799999999999 0.01882733333333333
1 0.16810733333333333 0.459179 0.016130466666666666 0.028164066666666668
1 0.08661366666666664 0.38544366666666663 0.03729466666666666 0.04531533333333334
1 0.10198933333333333 0.35151083333333333 0.030711366666666663 0.036355
1 0.270166 0.42134 0.008405699999999999 0.0100683
1 0.284305 0.42709566666666665 0.0136986 0.0144397
1 0.250725 0.4014333333333333 0.009765533333333333 0.0243171
1 0.14182133333333333 0.41596 0.006837899999999999 0.018330966666666667
1 0.27826899999999993 0.415871 0.009282566666666667 0.007447566666666667
1 0.5179166666666666 0.42430033333333333 0.03208153333333333 0.046747000000000004
1 0.5422883333333333 0.4166493333333333 0.026946966666666662 0.04000333333333334
1 0.6045286666666666 0.3678823333333333 0.034669 0.036265
1 0.6012316666666666 0.4236913333333333 0.03487899999999999 0.034039
1 0.5489543333333333 0.44733066666666665 0.021974399999999998 0.034053
1 0.56056 0.5311936666666667 0.021729933333333333 0.030711533333333336
1 0.504475 0.5464023333333333 0.04164933333333334 0.040578
1 0.5720673333333333 0.41680666666666666 0.021224066666666666 0.03825833333333333
1 0.47549533333333327 0.38748066666666664 0.014603433333333334 0.03698766666666667
1 0.5669896666666666 0.5566723333333333 0.028228699999999995 0.034743666666666666
1 0.5733043333333333 0.3816263333333333 0.011861733333333332 0.03939533333333334
1 0.6328699999999999 0.6602686666666666 0.017988166666666666 0.011614000000000001
1 0.639156 0.48950499999999997 0.026124799999999997 0.030218733333333334
1 0.5886643333333332 0.651421 0.01719683333333333 0.028906466666666665
1 0.6595226666666666 0.5632473333333333 0.014287733333333332 0.04538366666666667
1 0.6002113333333332 0.6586176666666667 0.01926493333333333 0.015081100000000002
1 0.3620940333333333 0.39168533333333333 0.023299466666666664 0.043791666666666666
1 0.6022536666666666 0.6011610000000001 0.03397233333333333 0.054184333333333334
1 0.5476599999999999 0.562131 0.016967966666666667 0.03979933333333334
1 0.5872029999999999 0.46857666666666664 0.03695566666666666 0.03959133333333334
1 0.5246833333333333 0.526987 0.0100027 0.024929600000000003
1 0.597129 0.564016 0.035122 0.027898766666666668
1 0.5759966666666667 0.44058033333333335 0.0164046 0.019497333333333335
1 0.576739 0.5347453333333333 0.016131266666666665 0.020317533333333335
1 0.5923326666666666 0.5444423333333334 0.025770766666666667 0.023229933333333334
1 0.6636956666666667 0.3571761 0.005941733333333333 0.04768566666666667
1 0.5294709999999999 0.45940899999999996 0.009762466666666667 0.0152718
1 0.6574713333333333 0.39835166666666666 0.0182658 0.05023266666666667
1 0.573763 0.472075 0.0110361 0.024299266666666666
1 0.491083 0.36448296666666663 0.02332953333333333 0.036576000000000004
1 0.5789569999999999 0.6640996666666668 0.025491200000000002 0.0036051000000000004
1 0.6736985 0.6884594666666666 0.0137492 0.038767333333333334
1 0.7862583333333333 0.4974886666666667 0.038810333333333336 0.04797800000000001
1 0.7270556666666667 0.5224956666666667 0.03326833333333333 0.06450166666666667
0 0.7501066666666666 0.4584703333333333 0.017692066666666666 0.022378033333333335
1 0.6891881999999999 0.5919263333333333 0.03025186666666667 0.056471333333333346
1 0.7665636666666666 0.5693666666666667 0.015606633333333331 0.026091766666666672
0 0.7252066666666667 0.427372 0.023759766666666668 0.032899
1 0.6948509666666667 0.5565466666666666 0.03440466666666666 0.03750033333333334
1 0.760833 0.36497959999999996 0.052407 0.06329266666666668
1 0.7916066666666666 0.5418086666666666 0.02601473333333333 0.025379933333333334
1 0.6755205666666666 0.363632 0.017707766666666663 0.05514966666666668
1 0.7634636666666667 0.549485 0.01725543333333333 0.012392233333333334
0 0.6731067333333333 0.431617 0.012880099999999998 0.021412
0 0.6970693333333333 0.4546383333333333 0.013985533333333331 0.015645133333333335
0 0.7662976666666667 0.440814 0.017786466666666667 0.028718999999999998
1 0.6946815 0.3614285 0.032489199999999996 0.05619033333333333
1 0.7895203333333333 0.559029 0.0218692 0.018954833333333334
1 0.6719030666666667 0.4015123333333333 0.010472799999999999 0.04470333333333334
1 0.9956916666666666 0.6245063333333334 0.008616766666666666 0.08432066666666668
1 0.7303556666666666 0.4015953333333333 0.0306168 0.034921
1 0.18265566666666663 0.8898303333333333 0.036494 0.08787566666666667
1 0.30545 0.8982866666666667 0.04031433333333333 0.05252366666666667
1 0.21363333333333331 0.921529 0.037476999999999996 0.04452366666666667
1 0.27707833333333326 0.9402553333333332 0.04304433333333333 0.02791436666666667
1 0.23729966666666663 0.9446696666666666 0.04188833333333333 0.05436833333333333
1 0.16122966666666666 0.951446 0.05228033333333333 0.06005233333333334
1 0.2611366666666667 0.9016379999999999 0.029488366666666665 0.041862333333333335
1 0.21846033333333334 0.9947243333333333 0.014864333333333332 0.0094169
2 0.20376333333333332 0.8951863333333333 0.01897933333333333 0.031893066666666664
1 0.4412736666666667 0.7551026666666666 0.03203046666666667 0.04129
1 0.49467399999999995 0.8108386666666667 0.039559333333333335 0.03768866666666667
1 0.43740166666666663 0.9336746666666667 0.02992493333333333 0.061410666666666676
1 0.474808 0.8291896666666666 0.025586699999999997 0.028742766666666666
0 0.5899956666666666 0.6991184666666667 0.016974033333333333 0.025400633333333335
1 0.406865 0.7821943333333333 0.02994396666666667 0.026534733333333334
1 0.413234 0.8563626666666666 0.02999133333333333 0.066665
1 0.4046943333333333 0.8127786666666666 0.023444266666666665 0.025991133333333336
1 0.47582399999999997 0.7932933333333333 0.025356866666666665 0.034386
1 0.6295046666666666 0.7497606666666666 0.0285019 0.04668333333333334
1 0.39739499999999994 0.756383 0.033161666666666666 0.031309833333333335
1 0.38673366666666664 0.847777 0.03504433333333334 0.039899000000000004
1 0.3545905 0.8988929999999999 0.016502866666666664 0.037296
1 0.4528306666666666 0.8401686666666667 0.021379033333333332 0.025507900000000003
1 0.42731566666666665 0.8048196666666666 0.02250073333333333 0.0172034
1 0.4340283333333333 0.8453576666666667 0.0191601 0.021454466666666668
1 0.43576466666666663 0.8751426666666666 0.02120323333333333 0.03870233333333333
1 0.4476783333333333 0.859653 0.019078699999999997 0.022326900000000004
1 0.5825216666666666 0.7533299999999999 0.024744999999999996 0.03967133333333333
1 0.5998146666666666 0.743449 0.01761343333333333 0.02520656666666667
1 0.583854 0.6821781666666666 0.03267353333333333 0.031023000000000002
0 0.4602236666666666 0.8111076666666667 0.014331433333333332 0.01708106666666667
1 0.45440166666666665 0.7703356666666666 0.0245691 0.024236633333333334
1 0.6317123333333332 0.6785011333333333 0.021142199999999996 0.023668966666666666
1 0.6213443333333333 0.7128856666666666 0.016842133333333332 0.030222633333333335
1 0.5355639999999999 0.8052843333333333 0.011243633333333333 0.025953599999999997
1 0.5453313333333333 0.7696866666666666 0.04467233333333333 0.05182366666666667
1 0.4244996666666666 0.9620353333333334 0.02282026666666667 0.029236966666666666
1 0.6063526666666665 0.730038 0.019876866666666666 0.028818033333333336
0 0.4562013333333333 0.7922263333333333 0.0062943999999999995 0.012451133333333335
1 0.4714833333333333 0.973177 0.014709133333333332 0.03585033333333333
1 0.45101566666666665 0.9619409999999999 0.0281689 0.036853333333333335
0 0.4536483333333333 0.7917003333333333 0.0059018 0.012362533333333333
0 0.44262199999999996 0.9961386666666667 0.009148666666666666 0.0065577
2 0.36029259999999996 0.7934479999999999 0.0136995 0.02133583333333333
0 0.45906099999999994 0.996543 0.010913033333333332 0.006274966666666666
1 0.48524633333333334 0.9695876666666666 0.014113766666666664 0.0319935
2 0.34996986666666663 0.8621113333333333 0.0163658 0.020531900000000002
1 0.3434596333333333 0.8063166666666666 0.014475700000000001 0.019670833333333335
1 0.44479199999999997 0.22678033333333333 0.03138463333333333 0.083534
1 0.4243416666666667 0.06539466666666667 0.027251066666666664 0.047053666666666674
1 0.47354433333333334 0.12233366666666667 0.04942033333333333 0.03723833333333333
1 0.4769503333333333 0.19578233333333334 0.031009233333333334 0.066941
1 0.5948206666666667 0.31206100000000003 0.03552333333333333 0.04103433333333333
1 0.5595186666666666 0.24133133333333337 0.029583766666666667 0.07879266666666668
1 0.5114926666666666 0.11086133333333334 0.020640766666666664 0.04653966666666667
1 0.40742999999999996 0.037149 0.0192159 0.033959
1 0.4113933333333333 0.24163133333333336 0.030209333333333335 0.063969
1 0.5434983333333333 0.04372433333333334 0.02580883333333333 0.04835266666666666
1 0.40059633333333333 0.010682266666666667 0.014794199999999999 0.021364533333333335
1 0.49267066666666665 0.15690866666666667 0.026850666666666665 0.040856666666666666
1 0.6366946666666666 0.14702533333333337 0.025268766666666664 0.06970766666666667
1 0.5405326666666667 0.289336 0.027807600000000002 0.04308699999999999
1 0.4541443333333333 0.07229266666666667 0.019639266666666665 0.03164456666666667
1 0.554719 0.18641233333333335 0.033379 0.03190953333333333
1 0.42273066666666664 0.020831633333333335 0.021008266666666667 0.04166333333333334
1 0.5678076666666666 0.16861366666666666 0.02941153333333333 0.034709
1 0.514386 0.180955 0.020827299999999997 0.04678966666666667
1 0.6097776666666666 0.17353700000000002 0.03301353333333334 0.04810433333333333
1 0.460549 0.04702833333333333 0.020910999999999996 0.04312866666666667
1 0.6134393333333332 0.04311466666666667 0.013810733333333334 0.025175866666666668
1 0.5642699999999999 0.016362833333333333 0.026156866666666667 0.03272563333333333
1 0.6380293333333333 0.08038966666666666 0.02501723333333333 0.033821666666666673
1 0.5886633333333333 0.17422633333333334 0.014584799999999998 0.04128133333333334
1 0.34103243333333333 0.09884166666666666 0.015259899999999998 0.025511100000000002
1 0.63657 0.273771 0.017860533333333335 0.044013
1 0.38808099999999995 0.006678033333333334 0.013203533333333333 0.013356100000000003
1 0.4761566666666667 0.05876 0.015045533333333331 0.026200500000000005
1 0.5268966666666667 0.16206333333333336 0.017316066666666664 0.0302749
1 0.595416 0.19520200000000001 0.0171837 0.03764066666666666
1 0.599335 0.03473833333333333 0.0298762 0.035778000000000004
1 0.6626786666666666 0.11769566666666666 0.007975733333333332 0.055652
1 0.4592823333333333 0.006189 0.02384403333333333 0.012378033333333335
1 0.6430659999999999 0.229643 0.026608766666666665 0.023561633333333335
1 0.6510346666666667 0.03763233333333334 0.031016366666666663 0.07526466666666667
1 0.5966986666666666 0.2556543333333333 0.04288133333333333 0.03352033333333334
1 0.5731433333333333 0.30200400000000005 0.024240433333333335 0.05655433333333334
1 0.5157906666666666 0.25673966666666664 0.01659743333333333 0.0254438
1 0.5809766666666666 0.02122586666666667 0.014477166666666664 0.02680146666666667
1 0.5589323333333334 0.06730966666666667 0.012430566666666663 0.026292733333333332
1 0.5845736666666665 0.223325 0.023933399999999997 0.0273457
1 0.13316466666666665 0.29161333333333334 0.03417 0.07913666666666667
1 0.29028633333333337 0.05936133333333333 0.038849666666666664 0.03784333333333333
0 0.17708933333333332 0.10446366666666668 0.026651766666666667 0.040146
1 0.26905966666666664 0.079725 0.029044666666666663 0.05090533333333333
1 0.27174633333333337 0.03520366666666667 0.036110666666666666 0.033811
1 0.291016 0.105268 0.01823323333333333 0.04370266666666667
1 0.23485433333333333 0.2951363333333334 0.05889966666666666 0.058729333333333335
1 0.11445733333333333 0.09798366666666668 0.028418666666666665 0.05871000000000001
1 0.2469493333333333 0.1994276666666667 0.02844173333333333 0.059592
1 0.22260133333333332 0.20579200000000003 0.028552099999999997 0.05575633333333334
0 0.207054 0.055973 0.018271066666666665 0.025441433333333333
1 0.20742133333333335 0.148982 0.016862099999999998 0.04228333333333333
1 0.1790843333333333 0.0122483 0.022112966666666664 0.0244966
1 0.07354733333333334 0.3042406666666667 0.055522333333333326 0.055745333333333334
1 0.18472933333333333 0.27188866666666667 0.03268496666666666 0.04596266666666667
1 0.18435966666666667 0.309607 0.028034600000000003 0.04629333333333334
1 0.08406233333333332 0.2691853333333334 0.036821999999999994 0.025581133333333336
1 0.32007166666666664 0.097597 0.0265235 0.025481266666666672
1 0.1448833333333333 0.06790700000000001 0.018280666666666667 0.03033066666666667
1 0.06083033333333333 0.21614466666666668 0.02779996666666666 0.05459166666666667
0 0.16474066666666667 0.13520833333333335 0.0277811 0.02911583333333333
1 0.26480866666666664 0.158107 0.05914833333333333 0.035182000000000005
1 0.24028499999999997 0.012102933333333335 0.04102466666666666 0.024205833333333336
1 0.26444299999999993 0.110745 0.0176487 0.030630400000000002
1 0.18513566666666664 0.16285033333333335 0.015873866666666667 0.03229596666666667
1 0.22742466666666666 0.2620983333333333 0.051934333333333325 0.028024300000000005
1 0.23270833333333332 0.1277046666666667 0.02402273333333333 0.04648466666666667
1 0.25037933333333334 0.093759 0.023411233333333333 0.022940633333333335
1 0.15835333333333332 0.08525300000000001 0.011987366666666664 0.024580833333333333
1 0.10994799999999999 0.22549733333333336 0.039647999999999996 0.064945
1 0.19807866666666665 0.21361166666666667 0.0205952 0.045552
1 0.10249066666666667 0.31987233333333337 0.0308712 0.024659133333333333
1 0.15730833333333333 0.2807566666666667 0.021097766666666663 0.060767999999999996
1 0.15924233333333332 0.19420733333333332 0.04504366666666666 0.04279466666666667
0 0.18280666666666667 0.046199333333333335 0.008943433333333334 0.014326766666666666
1 0.2555786666666666 0.32786533333333334 0.037958 0.010092966666666666
0 0.16579899999999997 0.031952299999999996 0.015058999999999998 0.019177
1 0.1572493333333333 0.07387300000000001 0.012847066666666665 0.047948333333333336
1 0.052611 0.1798826666666667 0.035256666666666665 0.021802266666666667
0 0.24141566666666664 0.027663066666666666 0.011831066666666666 0.020406466666666668
